1162,52
1162,51
1162,50
1162,49
1162,48
1162,47
1162,46
1162,45
1162,44
1162,43
1162,42
1162,41
1162,40
1162,39
1162,38
1162,37
1162,36
1162,35
875,2
875,1
875,0
874,3
874,2
874,1
874,0
873,3
873,2
873,1
873,0
872,3
872,2
872,1
872,0
871,4
871,3
871,2
871,1
871,0
870,4
870,3
870,2
870,1
870,0
869,4
869,3
869,2
869,1
869,0
868,3
868,2
868,1
20,3
20,2
20,1
19,3
19,2
19,1
14,118
14,117
14,116
14,115
14,114
14,113
14,112
14,111
14,110
14,109
14,108
14,107
14,106
14,105
14,104
14,103
14,102
14,101
14,100
14,99
14,98
14,97
12,2
12,1
11,22
11,8
11,4
11,3
11,2
11,1
10,274
10,252
18,1
10,210
18,3
10,166
10,86
14,1
10,66
14,80
10,1
9,7
9,6
9,4
9,3
14,3
9,2
13,1
9,1
13,4
8,18
8,11
8,9
8,8
13,3
8,6
8,5
8,2
8,1
3,3
3,1
2,2
2,3
2,1
0,383
0,381
0,380
0,379
0,375
0,374
0,371
0,0
1162,34
1162,33
1162,32
1162,31
1162,30
1162,29
1162,28
1162,27
1162,26
1162,25
1162,24
1162,23
1162,22
1162,21
1162,20
1162,19
1162,18
1162,17
1162,16
1162,15
1162,14
1162,13
1162,12
1162,11
1162,10
1162,9
1162,8
1162,7
1162,6
1162,5
1162,4
1162,3
1162,2
1162,0
0,469
0,370
0,373
0,359
0,358
0,357
0,530
0,382
0,367
0,366
0,344
0,369
0,353
0,346
0,368
0,378
0,377
0,376
0,365
0,528
0,364
0,362
0,361
0,350
0,349
0,348
0,342
0,339
0,341
0,340
0,356
0,351
0,360
0,345
0,363
0,354
0,522
0,343
0,477
0,473
0,470
0,474
0,529
0,372
0,457
0,461
0,453
0,468
0,462
0,273
0,454
0,270
0,465
0,524
0,355
0,456
0,9
0,581
0,576
0,636
0,632
0,623
0,622
0,620
0,591
0,520
